4294967278,426
4294967279,397
4294967278,146
4294967279,144
4294967279,411
4294967278,143
4294967278,331
4294967278,328
4294967278,215
4294967278,246
4294967278,397
4294967278,414
4294967278,332
4294967278,327
4294967278,323
4294967279,445
4294967279,292
4294967279,314
4294967279,59
4294967279,442
4294967279,281
4294967279,441
4294967279,33
4294967279,280
4294967279,363
4294967279,270
4294967279,417
4294967279,12
4294967278,381
153,2
4294967294,107
4294967279,327
4294967279,415
4294967294,957
228,6
228,5
228,4
228,3
228,2
228,1
153,4
4294967279,372
4294967279,428
4294967279,259
4294967278,277
4294967294,468
4294967278,259
227,7
227,6
227,5
4294967279,256
227,4
4294967278,257
227,3
227,2
227,1
4294967279,255
4294967279,324
4294967278,342
4294967279,359
4294967279,323
4294967278,300
4294967278,338
4294967278,299
4294967279,250
4294967279,298
4294967278,379
4294967278,409
4294967279,379
4294967279,322
4294967278,378
4294967278,260
4294967279,321
4294967278,242
4294967278,237
225,7
4294967279,236
225,6
4294967278,236
225,5
4294967279,235
225,4
4294967278,234
225,3
225,2
225,1
4294967278,412
4294967278,377
4294967279,377
4294967294,475
4294967294,911
4294967294,964
4294967294,962
4294967294,909
4294967279,438
4294967278,222
4294967278,212
4294967278,216
4294967279,215
4294967279,296
4294967278,401
4294967279,213
4294967278,375
4294967278,374
4294967294,38
4294967294,37
4294967294,903
4294967294,399
4294967294,420
4294967294,178
4294967294,385
4294967294,949
4294967294,183
4294967294,905
4294967294,180
4294967294,175
4294967294,467
4294967294,119
4294967294,414
4294967279,208
4294967279,207
4294967278,206
4294967278,201
4294967279,204
4294967279,203
4294967278,202
4294967278,445
4294967278,373
4294967278,227
4294967294,474
4294967294,40
4294967279,318
4294967278,321
4294967279,196
4294967278,195
4294967279,317
4294967278,190
222,7
222,6
222,5
4294967279,192
222,4
222,3
222,2
222,1
4294967279,191
4294967278,372
4294967279,326
4294967278,369
4294967278,184
4294967278,183
4294967279,183
4294967278,179
4294967278,182
4294967278,181
4294967278,180
4294967278,313
4294967279,340
4294967279,396
4294967278,368
4294967279,173
4294967278,172
4294967278,402
4294967278,167
4294967278,170
4294967279,169
4294967278,168
4294967279,168
4294967294,81
4294967294,50
4294967294,473
4294967279,316
4294967279,162
4294967278,161
4294967279,160
4294967278,159
219,8
4294967279,159
219,7
219,6
219,5
219,4
219,3
219,2
219,1
4294967278,156
4294967278,248
4294967278,355
4294967278,317
4294967278,367
4294967279,150
4294967278,150
4294967279,149
4294967294,427
4294967279,148
4294967278,144
4294967279,147
4294967279,145
4294967294,387
4294967294,955
4294967278,275
4294967279,365
4294967278,395
4294967294,472
4294967279,138
4294967294,187
4294967278,272
217,11
217,10
217,9
217,8
217,7
4294967279,133
217,6
4294967278,133
217,5
4294967279,272
217,4
4294967278,273
217,3
217,2
217,1
4294967278,269
4294967294,389
4294967279,268
4294967294,471
4294967279,375
4294967278,365
4294967279,276
4294967279,351
4294967278,363
4294967278,252
4294967278,408
4294967294,470
4294967279,242
4294967279,356
4294967279,241
4294967278,238
4294967294,413
4294967294,946
4294967294,179
4294967294,384
4294967294,403
4294967294,466
4294967294,405
4294967278,219
213,9
213,8
213,7
213,6
213,5
213,4
213,3
213,2
213,1
4294967294,115
4294967294,424
4294967278,406
4294967294,469
4294967278,197
4294967294,437
4294967294,22
4294967294,393
4294967294,114
4294967294,120
4294967294,388
4294967294,46
4294967294,944
4294967278,185
4294967294,901
4294967294,186
0,7
4294967294,900
4294967294,917
4294967294,17
4294967294,99
4294967294,76
4294967294,5
4294967279,172
4294967294,92
4294967294,91
4294967294,90
4294967294,88
4294967294,87
4294967294,86
4294967294,85
4294967294,84
4294967294,89
4294967279,0
4294967294,67
4294967294,954
4294967294,83
4294967294,969
4294967294,972
4294967294,82
4294967279,432
4294967294,7
4294967278,0
4294967294,6
4294967294,94
4294967294,93
4294967294,96
4294967294,95
4294967294,9
4294967294,8
4294967294,36
4294967294,42
4294967294,41
4294967294,39
4294967294,390
4294967294,958
0,5
4294967294,417
4294967294,45
4294967294,44
4294967294,43
4294967294,53
4294967294,52
4294967294,956
4294967294,51
4294967294,943
4294967294,918
4294967294,950
4294967294,27
4294967294,952
4294967294,26
4294967294,1
4294967294,511
4294967294,2
4294967294,0
4294967293,131
4294967293,130
4294967293,129
4294967293,128
4294967293,127
4294967293,126
4294967293,125
4294967293,124
4294967293,123
4294967293,122
4294967293,121
4294967293,120
4294967293,119
4294967293,118
4294967293,117
4294967293,116
4294967293,115
4294967293,114
4294967293,113
4294967293,112
4294967293,111
4294967293,110
4294967293,109
4294967293,108
4294967293,107
4294967293,106
4294967293,105
4294967293,104
4294967293,103
4294967293,102
4294967293,101
4294967293,100
4294967293,99
4294967293,98
4294967293,97
4294967293,96
4294967293,95
4294967293,94
4294967293,93
4294967293,92
4294967293,91
4294967293,90
4294967293,89
4294967293,87
4294967293,86
4294967293,85
4294967293,84
4294967293,83
4294967293,82
4294967293,81
4294967293,80
4294967293,79
4294967293,78
4294967293,77
4294967293,76
4294967293,75
4294967293,74
4294967293,73
4294967293,72
4294967293,71
4294967293,70
4294967293,69
4294967293,68
4294967293,67
4294967293,66
4294967293,65
4294967293,64
4294967293,63
4294967293,62
4294967293,61
4294967293,60
4294967293,59
4294967293,58
4294967293,57
4294967293,56
4294967293,55
4294967293,54
4294967293,53
4294967293,52
4294967293,51
4294967293,50
4294967293,49
4294967293,48
4294967293,47
4294967293,46
4294967293,45
4294967293,44
4294967293,43
4294967293,42
4294967293,41
4294967293,40
4294967293,39
4294967293,38
4294967293,37
4294967293,36
4294967293,35
4294967293,34
4294967293,33
4294967293,32
4294967293,31
4294967294,25
4294967293,30
4294967293,29
4294967293,28
4294967293,27
4294967293,26
4294967293,25
4294967293,24
